 61 4383.033521 8.333E-25 3.193E-02.04600.063 1251.59050.62-.008700    0 0 1 1 1F1    0 0 0 0 1A1   16F2 95        15F1  2     134332453638 7 1 7    99.0   93.0
 61 4383.042643 2.964E-28 1.037E-02.04400.057 2625.10690.58-.008700    0 1 1 0 1F2    0 0 0 0 1A1   21E 183        22E   3     133332453637 7 1 7    86.0   90.0
 61 4383.045305 2.191E-27 4.148E-04.04600.060 1592.35940.61-.008700    0 2 0 1 1F1    0 0 0 0 1A1   17F1167        17F2  1     134332333638 7 1 7   105.0  105.0
 61 4383.057261 1.031E-24 2.087E-01.04600.060 1594.02590.61-.008700    0 1 1 0 1F2    0 0 0 0 1A1   16F2205        17F1  4     334332453638 7 1 7    99.0  105.0
 61 4383.066224 2.027E-26 3.651E-03.04500.060 1593.52290.61-.008700    1 0 0 1 1F2    0 0 0 0 1A1   18F2 98        17F1  3     234332333638 7 1 7   111.0  105.0
 61 4383.073695 4.111E-28 3.356E-03.04500.057 2399.26980.58-.008700    0 1 1 0 1F2    0 0 0 0 1A1   20F1259        21F2  4     333332453637 7 1 7   123.0  129.0
 61 4383.082322 3.052E-28 2.038E-04.03800.059 1779.65110.60-.008700    0 2 0 1 1F1    0 0 0 0 1A1   18E 117        18E   2     134332453638 7 1 7    74.0   74.0
 61 4383.085090 4.301E-27 3.475E-04.04600.061 1417.12920.61-.008700    1 0 0 1 1F2    0 0 0 0 1A1   17F2 95        16F1  2     334332453638 7 1 7   105.0   99.0
 61 4383.091840 2.340E-26 7.118E-03.03800.060 1594.36690.61-.008700    0 1 1 0 1F2    0 0 0 0 1A1   16E 136        17E   3     134332333638 7 1 7    66.0   70.0
 61 4383.103205 2.673E-28 2.142E-03.04500.057 2395.47680.58-.008700    0 1 1 0 1F2    0 0 0 0 1A1   20F1258        21F2  1     133332453637 7 1 7   123.0  129.0
 61 4383.105863 1.080E-23 6.038E-03.06500.079   62.87570.73-.008700    0 2 0 1 1F2    0 0 0 0 1A1    3F2 35         3F1  1     334332453638 7 1 7    21.0   21.0
 61 4383.113773 2.701E-27 2.463E-04.04600.061 1417.11980.61-.008700    0 1 1 0 1F1    0 0 0 0 1A1   15F1186        16F2  1     434332453638 7 1 7    93.0   99.0
 61 4383.116378 6.670E-28 2.969E-04.04500.059 1779.63110.60-.008700    0 2 0 1 1F1    0 0 0 0 1A1   18F2177        18F1  2     134332453638 7 1 7   111.0  111.0
 61 4383.118504 1.419E-23 3.270E-01.04700.063 1252.06140.62-.008700    0 0 1 1 1F1    0 0 0 0 1A1   16A1 33        15A2  2     434332343638 7 1 7   165.0  155.0
 61 4383.123115 4.132E-27 8.380E-04.04600.060 1594.38310.61-.008700    0 1 1 0 1F2    0 0 0 0 1A1   16F2206        17F1  5     334332453638 7 1 7    99.0  105.0
 61 4383.135480 7.897E-27 1.504E-03.04600.060 1593.52290.61-.008700    1 1 0 0 1E     0 0 0 0 1A1   17F2166        17F1  3     134332453638 7 1 7   105.0  105.0
 61 4383.145076 1.774E-25 1.438E-02.04600.061 1417.80710.61-.008700    1 0 0 1 1F2    0 0 0 0 1A1   17F2 96        16F1  3     134332453638 7 1 7   105.0   99.0
 61 4383.156371 2.278E-26 1.443E-02.03800.059 1779.65110.60-.008700    1 0 0 1 1F2    0 0 0 0 1A1   19E  66        18E   2     134332453638 7 1 7    78.0   74.0
 61 4383.157231 2.563E-26 1.203E-01.04500.057 2400.23140.58-.008700    0 2 0 1 1F1    0 0 0 0 1A1   21A1 67        21A2  2     133332453637 7 1 7   215.0  215.0
 61 4383.166915 4.365E-28 3.559E-03.04500.057 2398.97780.58-.008700    0 1 1 0 1F2    0 0 0 0 1A1   20F2262        21F1  4     333332453637 7 1 7   123.0  129.0
 61 4383.169827 5.359E-27 4.888E-04.04600.061 1417.12920.61-.008700    0 1 1 0 1F1    0 0 0 0 1A1   15F2183        16F1  2     334332453638 7 1 7    93.0   99.0
 61 4383.178034 1.594E-25 3.225E-02.04600.060 1593.87830.61-.008700    0 1 1 0 1F2    0 0 0 0 1A1   16F1202        17F2  3     334332453638 7 1 7    99.0  105.0
 61 4383.183808 7.311E-28 5.898E-03.04500.057 2396.79370.58-.008700    0 1 1 0 1F2    0 0 0 0 1A1   20F2261        21F1  2     333332453637 7 1 7   123.0  129.0
 61 4383.212052 5.174E-27 5.708E-03.04500.058 1977.21470.60-.008700    0 0 1 1 1F1    0 0 0 0 1A1   19F2183        19F1  5     134332453638 7 1 7   117.0  117.0
 61 4383.213367 2.307E-27 9.713E-04.04500.059 1779.02440.60-.008700    1 0 0 1 1F2    0 0 0 0 1A1   19F1 99        18F2  2     134332453638 7 1 7   117.0  111.0
 61 4383.215895 1.633E-24 6.260E-02.04600.063 1251.64660.62-.008700    0 0 1 1 1F1    0 0 0 0 1A1   16F1 93        15F2  3     234332333638 7 1 7    99.0   93.0
 61 4383.223843 1.750E-26 8.210E-03.04500.059 1779.03020.60-.008700    0 1 1 0 1F2    0 0 0 0 1A1   17F2218        18F1  1     134332333638 7 1 7   105.0  111.0
 61 4383.225907 8.692E-26 1.570E-02.04500.060 1594.02590.61-.008700    1 0 0 1 1F2    0 0 0 0 1A1   18F2 99        17F1  4     134332453638 7 1 7   111.0  105.0
 61 4383.233543 5.639E-24 2.166E-01.04600.063 1252.04610.62-.008700    0 0 1 1 1F1    0 0 0 0 1A1   16F1 94        15F2  4     434332 23638 7 1 7    99.0   93.0
 61 4383.237617 2.013E-27 1.845E-04.04600.061 1418.09890.61-.008700    0 1 1 0 1F1    0 0 0 0 1A1   15F2184        16F1  4     334332453638 7 1 7    93.0   99.0
 61 4383.260502 9.340E-27 1.683E-03.04500.060 1593.56160.61-.008700    1 0 0 1 1F2    0 0 0 0 1A1   18F1 95        17F2  2     134332453638 7 1 7   111.0  105.0
 61 4383.279441 4.877E-24 1.873E-01.04600.063 1252.02760.62-.008700    0 0 1 1 1F1    0 0 0 0 1A1   16F2 96        15F1  4     234332333638 7 1 7    99.0   93.0
 61 4383.289031 8.505E-26 3.792E-02.04500.059 1779.98440.60-.008700    0 2 0 1 1F1    0 0 0 0 1A1   18F1173        18F2  3     134332333638 7 1 7   111.0  111.0
 61 4383.291096 2.674E-27 2.777E-03.04400.058 1975.01230.60-.008700    0 1 0 2 1F2    0 0 0 0 1A1   20F1 98        19F2  2     134332453638 7 1 7   123.0  117.0
 61 4383.307796 1.518E-26 7.122E-03.04500.059 1779.02440.60-.008700    0 1 1 0 1F2    0 0 0 0 1A1   17F1220        18F2  2     134332333638 7 1 7   105.0  111.0
 61 4383.315477 2.732E-27 2.207E-04.04600.061 1417.11980.61-.008700    1 0 0 1 1F2    0 0 0 0 1A1   17F1 96        16F2  1     334332453638 7 1 7   105.0   99.0
 61 4383.315969 7.958E-25 3.046E-02.04600.063 1251.30180.62-.008700    0 0 1 1 1F1    0 0 0 0 1A1   16F1 92        15F2  2     134332333638 7 1 7    99.0   93.0
 61 4383.317929 2.091E-27 5.584E-04.04600.059 1779.59700.60-.008700    0 0 1 1 1F1    0 0 0 0 1A1   18A2 59        18A1  1     134332333638 7 1 7   185.0  185.0
 61 4383.348773 1.371E-26 3.721E-02.04600.058 2182.48320.59-.008700    0 1 0 2 1F2    0 0 0 0 1A1   21F2101        20F1  3     133332453637 7 1 7   129.0  123.0
 61 4383.384779 1.506E-25 1.223E-02.04600.061 1418.13710.61-.008700    0 1 0 2 1F2    0 0 0 0 1A1   17F1 97        16F2  4     134332453638 7 1 7   105.0   99.0
 61 4383.392412 2.499E-25 2.141E-02.04600.061 1417.12920.61-.008700    0 2 0 1 1F2    0 0 0 0 1A1   16F2158        16F1  2     134332453638 7 1 7    99.0   99.0
 61 4383.396128 5.905E-24 3.839E-02.04900.065  950.38500.62-.008700    0 2 0 1 1F1    0 0 0 0 1A1   13A1 42        13A2  1     134332453638 7 1 7   135.0  135.0
 61 4383.420730 5.117E-28 2.155E-04.04500.059 1779.02440.60-.008700    1 0 0 1 1F2    0 0 0 0 1A1   19F1101        18F2  2     134332453638 7 1 7   117.0  111.0
 61 4383.424776 1.033E-24 2.090E-01.04600.060 1593.87830.61-.008700    0 1 1 0 1F2    0 0 0 0 1A1   16F1203        17F2  3     334332453638 7 1 7    99.0  105.0
 61 4383.435251 5.187E-28 2.184E-04.04500.059 1779.03020.60-.008700    1 0 0 1 1F2    0 0 0 0 1A1   19F2 96        18F1  1     134332453638 7 1 7   117.0  111.0
 61 4383.447729 5.570E-26 1.402E-02.04600.059 1778.20500.60-.008700    0 1 0 2 1F2    0 0 0 0 1A1   19A1 33        18A2  1     134332453638 7 1 7   195.0  185.0
 61 4383.447890 1.342E-24 7.705E-02.03800.063 1251.30760.62-.008700    0 0 1 1 1F1    0 0 0 0 1A1   16E  63        15E   1     234332333638 7 1 7    66.0   62.0
 61 4383.464433 1.763E-27 1.374E-02.04500.057 2399.47510.58-.008700    0 0 1 1 1F1    0 0 0 0 1A1   21F2201        21F1  5     133332453637 7 1 7   129.0  129.0
 61 4383.480215 5.087E-25 1.030E-01.04600.060 1594.02590.61-.008700    0 1 1 0 1F2    0 0 0 0 1A1   16F2206        17F1  4     334332453638 7 1 7    99.0  105.0
 61 4383.494634 1.711E-26 3.457E-03.04600.060 1593.56160.61-.008700    0 1 1 0 1F2    0 0 0 0 1A1   16F1202        17F2  2     334332453638 7 1 7    99.0  105.0
 61 4383.499945 4.317E-25 1.656E-02.04600.063 1251.80710.62-.008700    0 0 1 1 1F1    0 0 0 0 1A1   16F2 96        15F1  3     234332333638 7 1 7    99.0   93.0
 61 4383.500702 5.589E-25 2.866E-02.04700.061 1416.55330.61-.008700    0 2 0 1 1F2    0 0 0 0 1A1   16A2 51        16A1  1     134332333638 7 1 7   165.0  165.0
 61 4383.500829 4.290E-27 1.648E-04.04600.063 1252.04610.62-.008700    0 0 1 1 1F1    0 0 0 0 1A1   16F1 95        15F2  4     334332453638 7 1 7    99.0   93.0
 61 4383.506804 2.846E-27 3.326E-02.04500.057 2399.41650.58-.008700    0 0 1 1 1F1    0 0 0 0 1A1   21E 134        21E   3     133332453637 7 1 7    86.0   86.0
 61 4383.512268 3.835E-28 8.929E-03.04400.057 2624.62110.58-.008700    0 1 1 0 1F2    0 0 0 0 1A1   21F2273        22F1  3     133332453637 7 1 7   129.0  135.0
 61 4383.515117 3.145E-26 2.883E-03.04600.061 1418.13710.61-.008700    0 1 1 0 1F1    0 0 0 0 1A1   15F1187        16F2  4     134332333638 7 1 7    93.0   99.0
 61 4383.530635 9.837E-25 2.986E-01.03800.060 1593.92810.61-.008700    0 1 1 0 1F2    0 0 0 0 1A1   16E 136        17E   2     134332333638 7 1 7    66.0   70.0
 61 4383.540899 1.538E-25 2.764E-02.04500.060 1593.04830.61-.008700    1 0 0 1 1F2    0 0 0 0 1A1   18F2 98        17F1  2     234332333638 7 1 7   111.0  105.0
 61 4383.541903 1.479E-27 5.681E-05.04600.063 1252.02760.62-.008700    0 0 1 1 1F1    0 0 0 0 1A1   16F2 97        15F1  4     334332453638 7 1 7    99.0   93.0
 61 4383.548269 1.079E-27 1.681E-03.03800.058 1975.01460.60-.008700    0 1 0 2 1F2    0 0 0 0 1A1   20E  67        19E   1     134332453638 7 1 7    82.0   78.0
 61 4383.551734 7.990E-27 8.387E-03.04400.058 1977.21470.60-.008700    1 0 0 1 1F2    0 0 0 0 1A1   20F2100        19F1  5     134332453638 7 1 7   123.0  117.0
 61 4383.560161 4.932E-27 9.962E-04.04600.060 1593.52290.61-.008700    0 1 1 0 1F2    0 0 0 0 1A1   16F2205        17F1  3     334332453638 7 1 7    99.0  105.0
 61 4383.560669 9.069E-25 3.471E-02.04600.063 1251.30180.62-.008700    0 0 1 1 1F1    0 0 0 0 1A1   16F1 93        15F2  2     234332333638 7 1 7    99.0   93.0
 61 4383.568446 2.935E-24 8.365E-01.03800.060 1593.04460.61-.008700    1 1 0 0 1E     0 0 0 0 1A1   17E 111        17E   1     134332453638 7 1 7    70.0   70.0
 61 4383.575101 1.023E-26 4.321E-03.04500.059 1779.63110.60-.008700    1 0 0 1 1F2    0 0 0 0 1A1   19F2 98        18F1  2     134332453638 7 1 7   117.0  111.0
 61 4383.582863 1.578E-26 2.032E-03.03800.061 1417.49930.61-.008700    0 2 0 1 1F2    0 0 0 0 1A1   16E 106        16E   2     134332453638 7 1 7    66.0   66.0
 61 4383.597167 1.306E-24 1.416E-02.04800.065  950.48720.62-.008700    0 2 0 1 1F2    0 0 0 0 1A1   13F1132        13F2  3     334332453638 7 1 7    81.0   81.0
 61 4383.602253 4.039E-26 1.549E-03.04600.063 1251.64660.62-.008700    0 0 1 1 1F1    0 0 0 0 1A1   16F1 94        15F2  3     234332333638 7 1 7    99.0   93.0
 61 4383.602867 1.275E-26 3.460E-02.04600.058 2182.40010.59-.008700    0 1 0 2 1F2    0 0 0 0 1A1   21F1102        20F2  3     133332453637 7 1 7   129.0  123.0
 61 4383.604574 4.098E-27 7.838E-04.04600.060 1594.38310.61-.008700    0 2 0 1 1F2    0 0 0 0 1A1   17F2167        17F1  5     134332453638 7 1 7   105.0  105.0
 61 4383.610164 4.084E-24 7.760E-01.04600.060 1593.04830.61-.008700    1 1 0 0 1E     0 0 0 0 1A1   17F2166        17F1  2     134332453638 7 1 7   105.0  105.0
 61 4383.639973 2.492E-27 1.934E-02.04500.057 2398.56640.58-.008700    1 1 0 0 1E     0 0 0 0 1A1   21F1203        21F2  3     133332453637 7 1 7   129.0  129.0
 61 4383.640045 9.346E-25 1.520E-02.04000.065  950.50490.62-.008700    0 2 0 1 1F2    0 0 0 0 1A1   13E  87        13E   2     134332453638 7 1 7    54.0   54.0
 61 4383.660190 5.500E-27 4.432E-04.04600.061 1416.55400.61-.008700    1 0 0 1 1F2    0 0 0 0 1A1   17F2 95        16F1  1     334332453638 7 1 7   105.0   99.0
 61 4383.664700 1.430E-23 1.928E-02.05000.070  575.05550.64-.008700    0 2 0 1 1F1    0 0 0 0 1A1   10A1 36        10A2  1     234332333638 7 1 7   105.0  105.0
 61 4383.690371 1.060E-27 1.162E-03.04500.058 1975.75900.60-.008700    0 0 1 1 1F1    0 0 0 0 1A1   19F1185        19F2  3     134332453638 7 1 7   117.0  117.0
 61 4383.698949 9.771E-27 2.618E-02.04600.058 2179.81620.59-.008700    0 1 0 2 1F2    0 0 0 0 1A1   21F2100        20F1  1     133332453637 7 1 7   129.0  123.0
 61 4383.706599 6.007E-27 2.414E-02.04600.058 2179.81620.59-.008700    0 1 0 2 1F2    0 0 0 0 1A1   21E  66        20E   1     133332453637 7 1 7    86.0   82.0
 61 4383.709126 3.283E-28 3.623E-04.04500.058 1977.21470.60-.008700    0 2 0 1 1F1    0 0 0 0 1A1   19F2184        19F1  5     134332453638 7 1 7   117.0  117.0
 61 4383.711891 5.678E-27 9.398E-03.03800.058 1977.19730.60-.008700    0 2 0 1 1F1    0 0 0 0 1A1   19E 123        19E   3     134332453638 7 1 7    78.0   78.0
 61 4383.716574 1.934E-26 7.413E-04.04600.063 1251.59050.62-.008700    0 0 1 1 1F1    0 0 0 0 1A1   16F2 96        15F1  2     234332333638 7 1 7    99.0   93.0
 61 4383.717196 4.847E-26 2.152E-02.04500.059 1779.03020.60-.008700    0 2 0 1 1F1    0 0 0 0 1A1   18F2177        18F1  1     134332453638 7 1 7   111.0  111.0
 61 4383.728840 2.476E-28 4.461E-05.04500.060 1593.52290.61-.008700    1 0 0 1 1F2    0 0 0 0 1A1   18F2 99        17F1  3     134332453638 7 1 7   111.0  105.0
 61 4383.736662 1.477E-26 2.375E-02.04600.058 2179.81590.59-.008700    0 1 0 2 1F2    0 0 0 0 1A1   21A2 34        20A1  1     133332453637 7 1 7   215.0  205.0
 61 4383.741376 4.993E-25 1.009E-01.04600.060 1593.56160.61-.008700    0 1 1 0 1F2    0 0 0 0 1A1   16F1203        17F2  2     334332453638 7 1 7    99.0  105.0
 61 4383.744927 1.665E-26 1.515E-03.04600.061 1416.55400.61-.008700    0 1 1 0 1F1    0 0 0 0 1A1   15F2183        16F1  1     334332453638 7 1 7    93.0   99.0
 61 4383.747567 4.452E-25 4.823E-03.04800.065  950.33680.62-.008700    0 2 0 1 1F2    0 0 0 0 1A1   13F1132        13F2  2     334332453638 7 1 7    81.0   81.0
 61 4383.762403 4.897E-26 1.879E-03.04600.063 1251.80710.62-.008700    0 0 1 1 1F1    0 0 0 0 1A1   16F2 97        15F1  3     334332453638 7 1 7    99.0   93.0
 61 4383.769081 1.701E-25 1.379E-02.04600.061 1417.75280.61-.008700    0 1 0 2 1F2    0 0 0 0 1A1   17F1 97        16F2  3     134332453638 7 1 7   105.0   99.0
 61 4383.776995 1.334E-27 1.086E-02.04500.057 2398.56640.58-.008700    0 1 1 0 1F2    0 0 0 0 1A1   20F1259        21F2  3     333332453637 7 1 7   123.0  129.0
 61 4383.780805 2.803E-25 1.071E-02.04600.063 1250.83700.62-.008700    0 0 1 1 1F1    0 0 0 0 1A1   16F1 92        15F2  1     134332333638 7 1 7    99.0   93.0
 61 4383.787844 5.596E-26 2.137E-03.04600.063 1250.83610.62-.008700    0 0 1 1 1F1    0 0 0 0 1A1   16F2 95        15F1  1     134332453638 7 1 7    99.0   93.0
 61 4383.794772 4.156E-25 4.288E-04.05600.077  157.13710.72-.008700    0 0 1 1 1E     0 0 0 0 1A1    4E  33         5E   1     334332453638 7 1 7    18.0   22.0
 61 4383.797148 1.214E-23 2.798E-01.04700.063 1252.00200.62-.008700    0 0 1 1 1F1    0 0 0 0 1A1   16A2 32        15A1  1     434332 23638 7 1 7   165.0  155.0
 61 4383.808503 6.615E-24 3.700E-03.06500.079   62.87680.73-.008700    0 2 0 1 1F2    0 0 0 0 1A1    3F1 37         3F2  1     334332453638 7 1 7    21.0   21.0
 61 4383.823095 6.277E-27 5.073E-04.04600.061 1417.12920.61-.008700    1 0 0 1 1F2    0 0 0 0 1A1   17F2 96        16F1  2     134332453638 7 1 7   105.0   99.0
 61 4383.851467 1.112E-26 3.327E-02.04600.058 2182.40010.59-.008700    0 1 1 0 1F2    0 0 0 0 1A1   19F1247        20F2  3     133332333637 7 1 7   117.0  123.0
 61 4383.852555 1.641E-27 1.805E-03.04500.058 1976.57420.60-.008700    0 0 1 1 1F1    0 0 0 0 1A1   19F2183        19F1  4     134332453638 7 1 7   117.0  117.0
 61 4383.852868 1.160E-24 4.456E-02.04600.063 1252.02760.62-.008700    0 0 1 1 1F1    0 0 0 0 1A1   16F2 98        15F1  4     234332333638 7 1 7    99.0   93.0
 61 4383.859842 2.546E-24 5.847E-02.04700.063 1251.29130.62-.008700    0 0 1 1 1F1    0 0 0 0 1A1   16A1 33        15A2  1     234332333638 7 1 7   165.0  155.0
 61 4383.861700 4.056E-28 1.662E-03.04600.058 2183.70290.59-.008700    1 0 0 1 1F2    0 0 0 0 1A1   21E  67        20E   4     133332453637 7 1 7    86.0   82.0
 61 4383.879523 4.768E-26 1.286E-02.03800.060 1593.04460.61-.008700    0 2 0 1 1F2    0 0 0 0 1A1   18E  65        17E   1     134332453638 7 1 7    74.0   70.0
 61 4383.889607 1.129E-25 2.159E-02.04600.060 1594.34470.61-.008700    0 2 0 1 1F2    0 0 0 0 1A1   17F1168        17F2  4     134332453638 7 1 7   105.0  105.0
 61 4383.896546 7.014E-24 7.998E-01.04700.060 1593.05600.61-.008700    1 1 0 0 1E     0 0 0 0 1A1   17A2 57        17A1  1     134332453638 7 1 7   175.0  175.0
 61 4383.899420 2.532E-28 2.317E-05.04600.061 1417.75280.61-.008700    0 1 1 0 1F1    0 0 0 0 1A1   15F1187        16F2  3     134332333638 7 1 7    93.0   99.0
 61 4383.900429 8.535E-25 3.273E-02.04600.063 1251.64660.62-.008700    0 0 1 1 1F1    0 0 0 0 1A1   16F1 95        15F2  3     334332453638 7 1 7    99.0   93.0
 61 4383.912045 4.436E-28 4.895E-04.04500.058 1977.17920.60-.008700    0 0 1 1 1F1    0 0 0 0 1A1   19F1186        19F2  5     134332453638 7 1 7   117.0  117.0
 61 4383.919976 9.627E-27 2.882E-02.04600.058 2182.48320.59-.008700    0 1 1 0 1F2    0 0 0 0 1A1   19F2244        20F1  3     133332333637 7 1 7   117.0  123.0
 61 4383.930599 1.264E-24 8.694E-04.06500.077  157.12780.72-.008700    0 0 1 1 1E     0 0 0 0 1A1    4F1 48         5F2  1     334332453638 7 1 7    27.0   33.0
 61 4383.947026 1.399E-25 5.356E-03.04600.063 1251.30180.62-.008700    0 0 1 1 1F1    0 0 0 0 1A1   16F1 94        15F2  2     234332333638 7 1 7    99.0   93.0
 61 4383.960584 1.874E-25 1.052E-03.04800.067  815.11590.63-.008700    0 1 0 2 1F2    0 0 0 0 1A1   13F1 85        12F2  3     334332453638 7 1 7    81.0   75.0
 61 4383.961549 8.373E-28 6.511E-03.04500.057 2398.97780.58-.008700    0 0 1 1 1F1    0 0 0 0 1A1   21F2201        21F1  4     133332453637 7 1 7   129.0  129.0
 61 4383.961649 1.307E-25 2.496E-02.04600.060 1594.02590.61-.008700    0 2 0 1 1F2    0 0 0 0 1A1   17F2167        17F1  4     134332453638 7 1 7   105.0  105.0
 61 4383.967485 4.340E-25 3.710E-02.04600.061 1416.55400.61-.008700    0 2 0 1 1F2    0 0 0 0 1A1   16F2158        16F1  1     134332453638 7 1 7    99.0   99.0
 61 4383.979003 5.776E-25 2.214E-02.04600.063 1251.59050.62-.008700    0 0 1 1 1F1    0 0 0 0 1A1   16F2 97        15F1  2     334332453638 7 1 7    99.0   93.0
 61 4383.982842 7.085E-27 6.497E-04.04600.061 1418.13710.61-.008700    0 1 1 0 1F1    0 0 0 0 1A1   15F1188        16F2  4     334332453638 7 1 7    93.0   99.0
 61 4383.983115 4.935E-26 9.970E-03.04600.060 1593.52290.61-.008700    0 1 1 0 1F2    0 0 0 0 1A1   16F2206        17F1  3     334332453638 7 1 7    99.0  105.0
 61 4384.000575 2.236E-24 5.020E-03.05000.073  470.79880.65-.008700    0 2 0 1 1F2    0 0 0 0 1A1    9E  62         9E   1     134332453638 7 1 7    38.0   38.0
 61 4384.002363 9.453E-28 7.654E-05.04600.061 1417.51970.61-.008700    0 1 0 2 1F2    0 0 0 0 1A1   17F1 97        16F2  2     134332453638 7 1 7   105.0   99.0
 61 4384.005100 6.256E-27 9.851E-03.03800.058 1977.19730.60-.008700    1 0 0 1 1F2    0 0 0 0 1A1   20E  68        19E   3     134332453638 7 1 7    82.0   78.0
 61 4384.015683 1.577E-27 2.560E-05.04000.065  950.12930.62-.008700    0 2 0 1 1F2    0 0 0 0 1A1   13E  87        13E   1     134332453638 7 1 7    54.0   54.0
 61 4384.016305 1.459E-25 7.965E-03.04700.061 1416.55330.61-.008700    0 1 1 0 1F1    0 0 0 0 1A1   15A2 63        16A1  1     334332453638 7 1 7   155.0  165.0
 61 4384.025505 1.409E-27 5.382E-05.04600.063 1250.83700.62-.008700    0 0 1 1 1F1    0 0 0 0 1A1   16F1 93        15F2  1     234332333638 7 1 7    99.0   93.0
 61 4384.027548 5.087E-27 2.483E-02.04500.057 2398.48510.58-.008700    0 1 1 0 1F2    0 0 0 0 1A1   20A1 88        21A2  1     333332453637 7 1 7   205.0  215.0
 61 4384.034861 2.476E-26 4.991E-03.04600.060 1593.04830.61-.008700    0 1 1 0 1F2    0 0 0 0 1A1   16F2205        17F1  2     334332453638 7 1 7    99.0  105.0
 61 4384.045393 5.933E-27 8.160E-04.03800.061 1418.11850.61-.008700    0 1 1 0 1F1    0 0 0 0 1A1   15E 124        16E   3     334332453638 7 1 7    62.0   66.0
 61 4384.056298 3.293E-28 3.457E-04.04400.058 1977.21470.60-.008700    1 0 0 1 1F2    0 0 0 0 1A1   20F2101        19F1  5     134332453638 7 1 7   123.0  117.0
 61 4384.068384 1.083E-23 6.078E-02.04800.067  815.00810.63-.008700    0 1 0 2 1F2    0 0 0 0 1A1   13F1 85        12F2  2     334332453638 7 1 7    81.0   75.0
 61 4384.073372 1.897E-24 7.280E-02.04600.063 1251.80710.62-.008700    0 0 1 1 1F1    0 0 0 0 1A1   16F2 98        15F1  3     234332333638 7 1 7    99.0   93.0
 61 4384.079237 4.369E-28 2.749E-04.03800.059 1778.20430.60-.008700    1 0 0 1 1F2    0 0 0 0 1A1   19E  65        18E   1     134332453638 7 1 7    78.0   74.0
 61 4384.114941 5.631E-23 1.897E-01.04900.067  815.08900.63-.008700    0 0 1 1 1F1    0 0 0 0 1A1   13A1 28        12A2  1     334332453638 7 1 7   135.0  125.0
 61 4384.125764 3.410E-26 2.637E-01.04500.057 2397.80660.58-.008700    1 1 0 0 1E     0 0 0 0 1A1   21F2200        21F1  3     133332453637 7 1 7   129.0  129.0
 61 4384.126037 1.307E-25 6.352E-03.04700.061 1417.57910.61-.008700    0 0 1 1 1F2    0 0 0 0 1A1   17A1 31        16A2  1     134332453638 7 1 7   175.0  165.0
 61 4384.127537 2.353E-27 1.100E-03.04500.059 1778.20460.60-.008700    0 1 1 0 1F2    0 0 0 0 1A1   17F1220        18F2  1     134332333638 7 1 7   105.0  111.0
 61 4384.132011 2.862E-26 1.027E-04.05300.068  690.01740.64-.008700    0 2 0 1 1F2    0 0 0 0 1A1   11F1114        11F2  3     234332333638 7 1 7    69.0   69.0
 61 4384.132701 3.635E-27 3.323E-04.04600.061 1417.51970.61-.008700    0 1 1 0 1F1    0 0 0 0 1A1   15F1187        16F2  2     134332333638 7 1 7    93.0   99.0
 61 4384.134623 3.437E-24 1.930E-02.04800.067  815.11590.63-.008700    0 0 1 1 1F1    0 0 0 0 1A1   13F1 86        12F2  3     234332333638 7 1 7    81.0   75.0
 61 4384.134727 1.091E-24 6.280E-02.03800.063 1251.77970.62-.008700    0 0 1 1 1F1    0 0 0 0 1A1   16E  64        15E   2     234332333638 7 1 7    66.0   62.0
 61 4384.147815 4.599E-26 2.011E-03.04700.063 1252.04610.62-.008700    0 1 1 0 1F2    0 0 0 0 1A1   14F1168        15F2  4     334332453638 7 1 7    87.0   93.0
 61 4384.156815 2.612E-27 4.726E-04.04500.060 1594.34470.61-.008700    0 0 1 1 1F2    0 0 0 0 1A1   18F1 96        17F2  4     134332453638 7 1 7   111.0  105.0
 61 4384.175918 6.377E-28 2.686E-04.04500.059 1779.03020.60-.008700    1 0 0 1 1F2    0 0 0 0 1A1   19F2 98        18F1  1     134332453638 7 1 7   117.0  111.0
 61 4384.177526 1.952E-25 6.446E-04.04800.068  690.04920.64-.008700    0 1 0 2 1F2    0 0 0 0 1A1   12F2 83        11F1  3     134332453638 7 1 7    75.0   69.0
 61 4384.182147 1.224E-27 3.313E-03.04600.058 2181.82080.59-.008700    0 1 0 2 1F2    0 0 0 0 1A1   21F1102        20F2  2     133332453637 7 1 7   129.0  123.0
 61 4384.183773 5.946E-26 2.600E-03.04700.063 1252.02760.62-.008700    0 1 1 0 1F2    0 0 0 0 1A1   14F2169        15F1  4     334332453638 7 1 7    87.0   93.0
 61 4384.184854 5.889E-27 6.470E-03.04500.058 1976.24190.60-.008700    0 0 1 1 1F1    0 0 0 0 1A1   19F2183        19F1  3     134332453638 7 1 7   117.0  117.0
 61 4384.192237 1.042E-27 1.091E-03.04400.058 1976.57420.60-.008700    1 0 0 1 1F2    0 0 0 0 1A1   20F2100        19F1  4     134332453638 7 1 7   123.0  117.0
 61 4384.197586 1.057E-26 2.965E-03.04600.059 1778.20500.60-.008700    0 1 1 0 1F2    0 0 0 0 1A1   17A1 72        18A2  1     134332333638 7 1 7   175.0  185.0
 61 4384.199527 5.855E-27 2.456E-03.04500.059 1778.20460.60-.008700    1 0 0 1 1F2    0 0 0 0 1A1   19F1100        18F2  1     134332453638 7 1 7   117.0  111.0
 61 4384.203525 1.185E-26 2.131E-03.04500.060 1593.04830.61-.008700    1 0 0 1 1F2    0 0 0 0 1A1   18F2 99        17F1  2     134332453638 7 1 7   111.0  105.0
 61 4384.207417 3.388E-26 3.092E-03.04600.061 1417.12920.61-.008700    0 1 1 0 1F1    0 0 0 0 1A1   15F2184        16F1  2     334332453638 7 1 7    93.0   99.0
 61 4384.209984 1.824E-25 1.023E-03.04800.067  814.86650.63-.008700    0 1 0 2 1F2    0 0 0 0 1A1   13F1 85        12F2  1     334332453638 7 1 7    81.0   75.0
 61 4384.230283 3.429E-26 6.145E-03.04500.060 1592.35890.61-.008700    1 0 0 1 1F2    0 0 0 0 1A1   18F2 98        17F1  1     234332333638 7 1 7   111.0  105.0
 61 4384.240520 1.010E-28 4.238E-05.04500.059 1778.20460.60-.008700    1 0 0 1 1F2    0 0 0 0 1A1   19F1101        18F2  1     134332453638 7 1 7   117.0  111.0
 61 4384.241467 2.094E-24 2.264E-02.04800.065  949.84290.62-.008700    0 2 0 1 1F2    0 0 0 0 1A1   13F1132        13F2  1     334332453638 7 1 7    81.0   81.0
 61 4384.242447 3.136E-23 1.760E-01.04800.067  815.00810.63-.008700    0 0 1 1 1F1    0 0 0 0 1A1   13F1 86        12F2  2     234332333638 7 1 7    81.0   75.0
 61 4384.245229 4.940E-27 1.891E-04.04600.063 1251.30180.62-.008700    0 0 1 1 1F1    0 0 0 0 1A1   16F1 95        15F2  2     334332453638 7 1 7    99.0   93.0
 61 4384.248989 3.403E-27 1.511E-03.04500.059 1779.02440.60-.008700    0 2 0 1 1F1    0 0 0 0 1A1   18F1173        18F2  2     134332333638 7 1 7   111.0  111.0
 61 4384.262402 1.988E-28 2.055E-04.04400.058 1974.04100.60-.008700    0 1 0 2 1F2    0 0 0 0 1A1   20F1 98        19F2  1     134332453638 7 1 7   123.0  117.0
 61 4384.268180 4.203E-25 8.636E-04.05300.070  575.25960.64-.008700    0 2 0 1 1F2    0 0 0 0 1A1   11F2 78        10F1  2     334332453638 7 1 7    69.0   63.0
 61 4384.272733 1.659E-24 5.950E-03.05300.068  689.87670.64-.008700    0 2 0 1 1F2    0 0 0 0 1A1   11F1114        11F2  2     234332333638 7 1 7    69.0   69.0
 61 4384.288961 3.317E-23 2.793E-01.04000.067  814.99310.63-.008700    0 0 1 1 1F1    0 0 0 0 1A1   13E  57        12E   2     234332333638 7 1 7    54.0   50.0
 61 4384.299577 2.343E-27 4.439E-04.04600.060 1592.35890.61-.008700    1 1 0 0 1E     0 0 0 0 1A1   17F2166        17F1  1     134332453638 7 1 7   105.0  105.0
 61 4384.300566 5.044E-24 3.277E-02.04900.065  950.15370.62-.008700    0 2 0 1 1F2    0 0 0 0 1A1   13A2 45        13A1  1     334332453638 7 1 7   135.0  135.0
 61 4384.306118 2.503E-28 2.915E-03.04500.057 2398.61720.58-.008700    0 0 1 1 1F1    0 0 0 0 1A1   21E 134        21E   2     133332453637 7 1 7    86.0   86.0
 61 4384.322273 1.056E-28 3.151E-04.04600.058 2181.82080.59-.008700    0 1 1 0 1F2    0 0 0 0 1A1   19F1247        20F2  2     133332453637 7 1 7   117.0  123.0
 61 4384.332742 4.352E-27 4.569E-03.05970.058 1977.17920.60-.008700    1 0 0 1 1F2    0 0 0 0 1A1   20F1 99        19F2  5     134332453627 7 1 7   123.0  117.0
 61 4384.337300 1.295E-21 1.088E+00.05970.077  219.91340.72-.008340    1 0 0 1 1F2    0 0 0 0 1A1    7E  36         6E   1     466333453627 1 1 1    30.0   26.0
 61 4384.338115 1.095E-27 8.883E-03.05970.057 2397.80660.58-.008700    0 1 1 0 1F2    0 0 0 0 1A1   20F2262        21F1  3     333332453627 7 1 7   123.0  129.0
 61 4384.341697 1.394E-25 6.905E-04.05970.068  690.03960.64-.008700    0 1 0 2 1F2    0 0 0 0 1A1   12E  55        11E   2     234332333627 7 1 7    50.0   46.0
 61 4384.343680 5.441E-25 1.118E-03.05970.070  575.18410.64-.008700    0 2 0 1 1F2    0 0 0 0 1A1   11F2 78        10F1  1     334332453627 7 1 7    69.0   63.0
 61 4384.349629 4.824E-26 5.309E-02.04500.058 1976.57420.60-.008700    0 2 0 1 1F1    0 0 0 0 1A1   19F2184        19F1  4     134332453638 7 1 7   117.0  117.0
 61 4384.355961 4.502E-28 8.592E-05.04600.060 1593.87830.61-.008700    0 2 0 1 1F2    0 0 0 0 1A1   17F1168        17F2  3     134332453638 7 1 7   105.0  105.0
 61 4384.360158 4.059E-26 1.340E-04.04800.068  689.95670.64-.008700    0 1 0 2 1F2    0 0 0 0 1A1   12F2 83        11F1  2     234332333638 7 1 7    75.0   69.0
 61 4384.367142 2.221E-27 2.033E-04.06460.061 1417.75280.61-.008700    0 1 1 0 1F1    0 0 0 0 1A1   15F1188        16F2  3     334332453627 7 1 7    93.0   99.0
 61 4384.370182 5.652E-23 3.166E-02.06460.078  219.93670.70-.003700    1 0 0 1 1F2    0 0 0 0 1A1    7F1 56         6F2  2     334332453627 7 1 7    45.0   39.0
 61 4384.374880 2.346E-21 7.884E-01.06460.079  219.91970.78-.003690    1 0 0 1 1F2    0 0 0 0 1A1    7A1 18         6A2  1     466333453627 1 1 1    75.0   65.0
 61 4384.377336 2.149E-26 1.662E-01.06460.057 2397.82910.58-.008700    1 1 0 0 1E     0 0 0 0 1A1   21F1203        21F2  2     133332453627 7 1 7   129.0  129.0
 61 4384.384029 9.536E-25 5.349E-03.06460.067  814.86650.63-.008700    0 0 1 1 1F1    0 0 0 0 1A1   13F1 86        12F2  1     234332333627 7 1 7    81.0   75.0
 61 4384.385318 6.441E-24 2.811E-03.05740.078  104.77990.72-.008700    0 2 0 1 1F2    0 0 0 0 1A1    5F1 46         4F2  1     434332453627 7 1 7    33.0   27.0
 61 4384.391982 1.750E-21 9.801E-01.05740.083  219.91490.78-.012990    1 0 0 1 1F2    0 0 0 0 1A1    7F1 56         6F2  1     463333453627 1 1 1    45.0   39.0
 61 4384.395586 2.829E-27 1.085E-04.05740.063 1251.59050.62-.008700    0 0 1 1 1F1    0 0 0 0 1A1   16F2 98        15F1  2     134332453627 7 1 7    99.0   93.0
 61 4384.398168 8.674E-27 6.992E-04.05740.061 1416.55400.61-.008700    1 0 0 1 1F2    0 0 0 0 1A1   17F2 96        16F1  1     134332453627 7 1 7   105.0   99.0
 61 4384.402239 1.306E-26 1.056E-03.05740.061 1417.11980.61-.008700    0 1 0 2 1F2    0 0 0 0 1A1   17F1 97        16F2  1     134332453627 7 1 7   105.0   99.0
 61 4384.404273 3.188E-26 1.393E-03.05740.063 1251.80710.62-.008700    0 1 1 0 1F2    0 0 0 0 1A1   14F2169        15F1  3     334332453627 7 1 7    87.0   93.0
 61 4384.407647 4.487E-25 4.530E-03.04700.065  950.48720.62-.008700    0 0 1 1 1F1    0 0 0 0 1A1   14F1 87        13F2  3     134332333638 7 1 7    87.0   81.0
 61 4384.411863 1.047E-24 4.000E-02.04600.063 1250.83700.62-.008700    0 0 1 1 1F1    0 0 0 0 1A1   16F1 94        15F2  1     234332333638 7 1 7    99.0   93.0
 61 4384.414105 1.591E-25 4.811E-02.03800.060 1593.04460.61-.008700    0 1 1 0 1F2    0 0 0 0 1A1   16E 136        17E   1     134332333638 7 1 7    66.0   70.0
 61 4384.437134 1.815E-27 1.982E-03.04500.058 1975.01230.60-.008700    0 0 1 1 1F1    0 0 0 0 1A1   19F1185        19F2  2     134332453638 7 1 7   117.0  117.0
 61 4384.440950 1.023E-26 1.126E-02.04500.058 1976.65030.60-.008700    0 0 1 1 1F1    0 0 0 0 1A1   19F1186        19F2  4     134332453638 7 1 7   117.0  117.0
 61 4384.441914 4.456E-24 1.597E-02.05300.068  689.70750.64-.008700    0 2 0 1 1F2    0 0 0 0 1A1   11F1114        11F2  1     234332333638 7 1 7    69.0   69.0
 61 4384.457815 1.771E-25 3.571E-02.04600.060 1593.04830.61-.008700    0 1 1 0 1F2    0 0 0 0 1A1   16F2206        17F1  2     334332453638 7 1 7    99.0  105.0
 61 4384.462877 1.012E-25 1.814E-02.04500.060 1592.35940.61-.008700    1 0 0 1 1F2    0 0 0 0 1A1   18F1 95        17F2  1     134332453638 7 1 7   111.0  105.0
 61 4384.464582 6.876E-27 1.310E-03.04600.060 1593.52290.61-.008700    0 2 0 1 1F2    0 0 0 0 1A1   17F2167        17F1  3     134332453638 7 1 7   105.0  105.0
 61 4384.470887 1.227E-24 4.688E-02.04600.063 1250.83610.62-.008700    0 0 1 1 1F1    0 0 0 0 1A1   16F2 96        15F1  1     234332333638 7 1 7    99.0   93.0
 61 4384.477468 4.234E-24 9.761E-02.04700.063 1252.00200.62-.008700    0 0 1 1 1F1    0 0 0 0 1A1   16A2 33        15A1  1     134332453638 7 1 7   165.0  155.0
 61 4384.478012 2.125E-28 6.007E-04.04600.058 2180.95040.59-.008700    0 0 1 1 1F1    0 0 0 0 1A1   20F1192        20F2  1     133332333637 7 1 7   123.0  123.0
 61 4384.479228 2.361E-28 6.449E-04.04600.058 2183.68460.59-.008700    1 0 0 1 1F2    0 0 0 0 1A1   21F2102        20F1  5     133332453637 7 1 7   129.0  123.0
 61 4384.495148 3.572E-26 1.768E-04.04000.068  689.88610.64-.008700    0 1 0 2 1F2    0 0 0 0 1A1   12E  55        11E   1     234332333638 7 1 7    50.0   46.0
 61 4384.502674 4.157E-27 1.191E-02.04600.058 2183.71830.59-.008700    0 2 0 1 1F1    0 0 0 0 1A1   20F1193        20F2  5     133332453637 7 1 7   123.0  123.0
 61 4384.514395 9.932E-28 8.057E-03.04500.057 2397.82910.58-.008700    0 1 1 0 1F2    0 0 0 0 1A1   20F1259        21F2  2     333332453637 7 1 7   123.0  129.0
 61 4384.524536 2.126E-27 2.222E-03.04400.058 1976.24190.60-.008700    1 0 0 1 1F2    0 0 0 0 1A1   20F2100        19F1  3     134332453638 7 1 7   123.0  117.0
 61 4384.527841 3.465E-25 4.444E-02.03800.061 1416.55430.61-.008700    0 2 0 1 1F2    0 0 0 0 1A1   16E 106        16E   1     134332453638 7 1 7    66.0   66.0
 61 4384.532573 3.738E-26 3.411E-03.04600.061 1417.11980.61-.008700    0 1 1 0 1F1    0 0 0 0 1A1   15F1187        16F2  1     134332333638 7 1 7    93.0   99.0
 61 4384.544267 1.883E-28 5.323E-04.04600.058 2180.95390.59-.008700    0 0 1 1 1F1    0 0 0 0 1A1   20F2193        20F1  2     133332333637 7 1 7   123.0  123.0
 61 4384.547415 2.241E-24 9.781E-02.04700.063 1251.64660.62-.008700    0 1 1 0 1F2    0 0 0 0 1A1   14F1168        15F2  3     334332453638 7 1 7    87.0   93.0
 61 4384.555401 1.723E-25 4.628E-02.04600.059 1780.70700.60-.008700    0 2 0 1 1F2    0 0 0 0 1A1   18A1 60        18A2  2     134332453638 7 1 7   185.0  185.0
 61 4384.558065 8.242E-25 8.316E-03.04700.065  950.33680.62-.008700    0 0 1 1 1F1    0 0 0 0 1A1   14F1 87        13F2  2     134332333638 7 1 7    87.0   81.0
 61 4384.561296 9.673E-27 4.331E-03.04500.059 1780.72900.60-.008700    1 1 0 0 1E     0 0 0 0 1A1   18F1174        18F2  5     134332453638 7 1 7   111.0  111.0
 61 4384.574579 1.840E-26 7.514E-02.04600.058 2182.99000.59-.008700    1 0 0 1 1F2    0 0 0 0 1A1   21E  67        20E   3     133332453637 7 1 7    86.0   82.0
 61 4384.589371 1.771E-24 6.806E-02.04600.063 1252.02760.62-.008700    0 0 1 1 1F1    0 0 0 0 1A1   16F2 99        15F1  4     134332453638 7 1 7    99.0   93.0
 61 4384.600342 5.239E-27 4.791E-04.04600.061 1417.51970.61-.008700    0 1 1 0 1F1    0 0 0 0 1A1   15F1188        16F2  2     334332453638 7 1 7    93.0   99.0
 61 4384.603035 6.178E-28 3.889E-04.03800.059 1778.20430.60-.008700    1 0 0 1 1F2    0 0 0 0 1A1   19E  66        18E   1     134332453638 7 1 7    78.0   74.0
 61 4384.606782 3.489E-26 2.004E-03.03800.063 1251.30760.62-.008700    0 0 1 1 1F1    0 0 0 0 1A1   16E  64        15E   1     234332333638 7 1 7    66.0   62.0
 61 4384.611627 3.915E-27 1.291E-05.04800.068  689.70520.64-.008700    0 1 0 2 1F2    0 0 0 0 1A1   12F2 83        11F1  1     234332333638 7 1 7    75.0   69.0
 61 4384.616274 9.660E-26 1.177E-02.03800.061 1418.11850.61-.008700    0 0 0 3 1F1    0 0 0 0 1A1   17E  64        16E   3     134332453638 7 1 7    70.0   66.0
 61 4384.620873 2.379E-24 1.038E-01.04700.063 1251.59050.62-.008700    0 1 1 0 1F2    0 0 0 0 1A1   14F2169        15F1  2     334332453638 7 1 7    87.0   93.0
 61 4384.623169 7.110E-27 1.284E-03.04500.060 1593.87830.61-.008700    0 0 1 1 1F2    0 0 0 0 1A1   18F1 96        17F2  3     134332453638 7 1 7   111.0  105.0
 61 4384.633265 7.810E-26 6.565E-04.04000.067  814.64880.63-.008700    0 0 1 1 1F1    0 0 0 0 1A1   13E  57        12E   1     234332333638 7 1 7    54.0   50.0
 61 4384.634444 1.901E-26 8.076E-03.04500.059 1780.72900.60-.008700    1 0 0 1 1F2    0 0 0 0 1A1   19F1102        18F2  5     134332453638 7 1 7   117.0  111.0
 61 4384.664593 1.012E-26 1.388E-03.03800.061 1417.49930.61-.008700    0 1 1 0 1F1    0 0 0 0 1A1   15E 124        16E   2     334332453638 7 1 7    62.0   66.0
 61 4384.672545 3.219E-27 6.135E-04.04600.060 1593.56160.61-.008700    0 2 0 1 1F2    0 0 0 0 1A1   17F1168        17F2  2     134332453638 7 1 7   105.0  105.0
 61 4384.681928 3.105E-26 3.412E-02.04500.058 1976.24190.60-.008700    0 2 0 1 1F1    0 0 0 0 1A1   19F2184        19F1  3     134332453638 7 1 7   117.0  117.0
 61 4384.694566 1.654E-25 9.254E-05.06500.079   62.87680.73-.008700    0 2 0 1 1F2    0 0 0 0 1A1    3F1 38         3F2  1     334332453638 7 1 7    21.0   21.0
 61 4384.696800 8.696E-27 9.104E-03.04400.058 1976.57420.60-.008700    1 0 0 1 1F2    0 0 0 0 1A1   20F2101        19F1  4     134332453638 7 1 7   123.0  117.0
 61 4384.696934 1.511E-24 3.037E-01.04600.060 1592.35940.61-.008700    0 1 1 0 1F2    0 0 0 0 1A1   16F1202        17F2  1     334332453638 7 1 7    99.0  105.0
 61 4384.709632 1.794E-26 2.956E-02.03800.058 1976.19960.60-.008700    0 2 0 1 1F1    0 0 0 0 1A1   19E 123        19E   2     134332453638 7 1 7    78.0   78.0
 61 4384.710029 6.467E-27 2.471E-04.04600.063 1250.83700.62-.008700    0 0 1 1 1F1    0 0 0 0 1A1   16F1 95        15F2  1     334332453638 7 1 7    99.0   93.0
 61 4384.716300 2.749E-24 1.940E-03.05600.075  293.16440.70-.008700    0 0 1 1 1F1    0 0 0 0 1A1    8F1 58         7F2  2     434332453638 7 1 7    51.0   45.0
 61 4384.721635 1.486E-26 6.655E-03.04500.059 1780.74740.60-.008700    1 1 0 0 1E     0 0 0 0 1A1   18F2178        18F1  4     134332453638 7 1 7   111.0  111.0
 61 4384.724261 1.282E-24 2.576E-01.04600.060 1592.35890.61-.008700    0 1 1 0 1F2    0 0 0 0 1A1   16F2205        17F1  1     334332453638 7 1 7    99.0  105.0
 61 4384.727216 5.859E-24 3.836E-03.05600.078  104.77600.72-.008700    0 2 0 1 1F2    0 0 0 0 1A1    5E  31         4E   1     334332453638 7 1 7    22.0   18.0
 61 4384.733403 7.567E-27 2.891E-04.04600.063 1250.83610.62-.008700    0 0 1 1 1F1    0 0 0 0 1A1   16F2 97        15F1  1     334332453638 7 1 7    99.0   93.0
 61 4384.734799 1.367E-27 1.436E-03.04400.058 1977.21470.60-.008700    1 0 0 1 1F2    0 0 0 0 1A1   20F2102        19F1  5     134332453638 7 1 7   123.0  117.0
 61 4384.754300 1.018E-24 7.182E-04.05600.075  293.12640.70-.008700    0 0 1 1 1F1    0 0 0 0 1A1    8F1 58         7F2  1     434332453638 7 1 7    51.0   45.0
 61 4384.764759 1.737E-25 1.754E-03.04700.065  950.52220.62-.008700    0 0 1 1 1F1    0 0 0 0 1A1   14F2 88        13F1  4     234332333638 7 1 7    87.0   81.0
 61 4384.767788 1.071E-24 2.411E-03.05300.070  575.28520.64-.008700    0 2 0 1 1F2    0 0 0 0 1A1   10F1102        10F2  3     234332333638 7 1 7    63.0   63.0
 61 4384.782517 3.131E-26 2.850E-03.04600.061 1416.55400.61-.008700    0 1 1 0 1F1    0 0 0 0 1A1   15F2184        16F1  1     334332453638 7 1 7    93.0   99.0
 61 4384.800035 3.835E-28 4.027E-04.04400.058 1977.17920.60-.008700    0 0 0 3 1F2    0 0 0 0 1A1   20F1100        19F2  5     134332453638 7 1 7   123.0  117.0
 61 4384.809876 4.508E-25 1.731E-02.04600.063 1251.80710.62-.008700    0 0 1 1 1F1    0 0 0 0 1A1   16F2 99        15F1  3     134332453638 7 1 7    99.0   93.0
 61 4384.825000 1.348E-21 4.531E-01.06510.080  219.94510.80-.005130    0 0 1 1 1A1    0 0 0 0 1A1    7A2 20         6A1  1     466333453627 1 1 1    75.0   65.0
 61 4384.833944 1.003E-26 2.036E-03.06510.060 1594.38310.61-.008700    0 1 1 0 1F2    0 0 0 0 1A1   16F2207        17F1  5     334332453627 7 1 7    99.0  105.0
 61 4384.844988 2.553E-25 8.620E-04.04100.070  575.27170.64-.008700    0 2 0 1 1F2    0 0 0 0 1A1   10E  70        10E   2     334332453638 7 1 7    42.0   42.0
 61 4384.861086 1.524E-24 2.309E-02.03900.065  950.50490.62-.008700    0 0 1 1 1F1    0 0 0 0 1A1   14E  59        13E   2     234332333638 7 1 7    58.0   54.0
 61 4384.861647 1.105E-26 1.157E-02.04400.058 1976.65030.60-.008700    1 0 0 1 1F2    0 0 0 0 1A1   20F1 99        19F2  4     134332453638 7 1 7   123.0  117.0
 61 4384.872517 4.300E-24 2.891E-03.06500.083   31.44240.70-.008700    0 2 0 1 1F2    0 0 0 0 1A1    2F1 26         2F2  1     334332453638 7 1 7    15.0   15.0
 61 4384.878027 1.705E-28 4.597E-04.04600.058 2180.95390.59-.008700    0 1 0 2 1F2    0 0 0 0 1A1   21F2101        20F1  2     133332453637 7 1 7   129.0  123.0
 61 4384.880428 1.066E-24 5.741E-03.04100.068  690.03960.64-.008700    0 2 0 1 1F2    0 0 0 0 1A1   11E  75        11E   2     234332333638 7 1 7    46.0   46.0
 61 4384.883128 1.409E-24 3.170E-03.05300.070  575.16990.64-.008700    0 2 0 1 1F2    0 0 0 0 1A1   10F1102        10F2  2     234332333638 7 1 7    63.0   63.0
 61 4384.892215 9.231E-27 4.023E-04.04700.063 1251.30180.62-.008700    0 1 1 0 1F2    0 0 0 0 1A1   14F1168        15F2  2     334332453638 7 1 7    87.0   93.0
 61 4384.892937 6.112E-26 1.096E-02.04500.060 1592.35890.61-.008700    1 0 0 1 1F2    0 0 0 0 1A1   18F2 99        17F1  1     134332453638 7 1 7   111.0  105.0
 61 4384.903705 1.100E-26 5.122E-02.04500.057 2398.48510.58-.008700    0 2 0 1 1F1    0 0 0 0 1A1   21A1 67        21A2  1     133332453637 7 1 7   215.0  215.0
 61 4384.925481 6.028E-27 3.387E-05.04800.067  815.13150.63-.008700    0 1 0 2 1F2    0 0 0 0 1A1   13F2 85        12F1  3     234332333638 7 1 7    81.0   75.0
 61 4384.929360 2.955E-26 1.323E-02.04500.059 1780.72900.60-.008700    0 2 0 1 1F2    0 0 0 0 1A1   18F1175        18F2  5     134332453638 7 1 7   111.0  111.0
 61 4384.930698 4.250E-26 1.404E-03.03900.065 1096.15690.62-.008700    0 1 1 0 1F1    0 0 0 0 1A1   13E 102        14E   3     334332453638 7 1 7    54.0   58.0
 61 4384.932781 1.576E-23 1.112E-02.05600.075  293.17850.70-.008700    0 0 1 1 1F1    0 0 0 0 1A1    8F2 61         7F1  2     334332453638 7 1 7    51.0   45.0
 61 4384.939266 2.225E-25 4.230E-02.04600.060 1593.04830.61-.008700    0 2 0 1 1F2    0 0 0 0 1A1   17F2167        17F1  2     134332453638 7 1 7   105.0  105.0
 61 4384.939753 2.799E-26 5.047E-03.04500.060 1593.56160.61-.008700    0 0 1 1 1F2    0 0 0 0 1A1   18F1 96        17F2  2     134332453638 7 1 7   111.0  105.0
 61 4384.941256 1.633E-23 7.780E-03.06200.077  157.12780.72-.008700    0 2 0 1 1F2    0 0 0 0 1A1    6F1 50         5F2  1     434332453638 7 1 7    39.0   33.0
 61 4384.943676 6.809E-26 1.368E-02.04600.060 1592.35940.61-.008700    0 1 1 0 1F2    0 0 0 0 1A1   16F1203        17F2  1     334332453638 7 1 7    99.0  105.0
 61 4384.953636 5.782E-26 1.273E-03.04700.065 1096.13290.62-.008700    0 1 1 0 1F1    0 0 0 0 1A1   13F2152        14F1  3     334332453638 7 1 7    81.0   87.0
 61 4384.978144 6.842E-25 2.630E-02.04600.063 1252.04610.62-.008700    0 2 0 1 1F2    0 0 0 0 1A1   16F1 96        15F2  4     134332453638 7 1 7    99.0   93.0
 61 4384.978295 7.815E-26 3.493E-02.04500.059 1780.31200.60-.008700    1 1 0 0 1E     0 0 0 0 1A1   18F1174        18F2  4     134332453638 7 1 7   111.0  111.0
 61 4384.980893 2.440E-24 5.015E-03.05300.070  575.28520.64-.008700    0 2 0 1 1F2    0 0 0 0 1A1   11F1 81        10F2  3     434332453638 7 1 7    69.0   63.0
 61 4384.982207 3.178E-24 3.207E-02.04700.065  950.30480.62-.008700    0 0 1 1 1F1    0 0 0 0 1A1   14F2 88        13F1  3     234332333638 7 1 7    87.0   81.0
 61 4384.988381 9.839E-25 6.942E-04.05600.075  293.12290.70-.008700    0 0 1 1 1F1    0 0 0 0 1A1    8F2 61         7F1  1     334332453638 7 1 7    51.0   45.0
 61 4384.989597 7.046E-25 3.357E-04.06200.077  157.13880.72-.008700    0 2 0 1 1F2    0 0 0 0 1A1    6F2 51         5F1  2     434332453638 7 1 7    39.0   33.0
 61 4384.992210 2.386E-26 1.517E-02.03800.059 1780.26920.60-.008700    1 0 0 1 1F2    0 0 0 0 1A1   19E  67        18E   3     134332453638 7 1 7    78.0   74.0
 61 4385.000242 1.361E-27 1.242E-04.04600.061 1417.11980.61-.008700    0 1 1 0 1F1    0 0 0 0 1A1   15F1188        16F2  1     334332453638 7 1 7    93.0   99.0
 61 4385.002841 1.897E-26 2.974E-02.03800.058 1976.19960.60-.008700    1 0 0 1 1F2    0 0 0 0 1A1   20E  68        19E   2     134332453638 7 1 7    82.0   78.0
 61 4385.004197 1.010E-23 4.812E-03.06200.077  157.12420.72-.008700    0 2 0 1 1F2    0 0 0 0 1A1    6F2 51         5F1  1     434332453638 7 1 7    39.0   33.0
 61 4385.005400 2.060E-24 4.632E-03.05300.070  575.05250.64-.008700    0 2 0 1 1F2    0 0 0 0 1A1   10F1102        10F2  1     434332343638 7 1 7    63.0   63.0
 61 4385.026506 3.450E-25 1.323E-02.04600.063 1251.59050.62-.008700    0 0 1 1 1F1    0 0 0 0 1A1   16F2 99        15F1  2     134332453638 7 1 7    99.0   93.0
 61 4385.029100 1.942E-26 2.030E-02.04400.058 1976.24190.60-.008700    1 0 0 1 1F2    0 0 0 0 1A1   20F2101        19F1  3     134332453638 7 1 7   123.0  117.0
 61 4385.033880 1.762E-24 9.483E-03.04100.068  689.88610.64-.008700    0 2 0 1 1F2    0 0 0 0 1A1   11E  75        11E   1     234332333638 7 1 7    46.0   46.0
 61 4385.036272 3.214E-26 5.782E-02.04600.058 2182.71390.59-.008700    0 1 1 0 1F2    0 0 0 0 1A1   19A2 83        20A1  2     333332453637 7 1 7   195.0  205.0
 61 4385.041620 5.684E-27 5.927E-03.04400.058 1975.72490.60-.008700    1 0 0 1 1F2    0 0 0 0 1A1   20F2100        19F1  2     134332453638 7 1 7   123.0  117.0
 61 4385.044314 7.156E-26 2.735E-03.04600.063 1250.83610.62-.008700    0 0 1 1 1F1    0 0 0 0 1A1   16F2 98        15F1  1     234332333638 7 1 7    99.0   93.0
 61 4385.051443 8.036E-27 3.408E-03.04500.059 1780.31200.60-.008700    1 0 0 1 1F2    0 0 0 0 1A1   19F1102        18F2  4     134332453638 7 1 7   117.0  111.0
 61 4385.051941 4.081E-25 4.109E-03.04700.065  949.84290.62-.008700    0 0 1 1 1F1    0 0 0 0 1A1   14F1 87        13F2  1     134332333638 7 1 7    87.0   81.0
 61 4385.052571 4.692E-28 1.265E-03.04600.058 2180.95040.59-.008700    0 1 0 2 1F2    0 0 0 0 1A1   21F1102        20F2  1     133332453637 7 1 7   129.0  123.0
 61 4385.064957 8.039E-27 1.204E-05.05600.073  470.85480.65-.008700    0 2 0 1 1F2    0 0 0 0 1A1    9F2 94         9F1  3     334332453638 7 1 7    57.0   57.0
 61 4385.065588 1.560E-24 5.262E-03.04100.070  575.05110.64-.008700    0 2 0 1 1F2    0 0 0 0 1A1   10E  70        10E   1     334332453638 7 1 7    42.0   42.0
 61 4385.068731 1.788E-29 7.910E-06.04500.059 1778.20460.60-.008700    0 2 0 1 1F1    0 0 0 0 1A1   18F1173        18F2  1     134332333638 7 1 7   111.0  111.0
 61 4385.069401 2.499E-26 6.808E-02.04600.058 2183.09350.59-.008700    1 0 0 1 1F2    0 0 0 0 1A1   21F1103        20F2  4     133332453637 7 1 7   129.0  123.0
 61 4385.076056 1.058E-27 1.111E-03.04400.058 1977.17920.60-.008700    1 0 0 1 1F2    0 0 0 0 1A1   20F1101        19F2  5     134332453638 7 1 7   123.0  117.0
 61 4385.078298 1.403E-27 6.796E-03.04500.057 2396.79640.58-.008700    0 1 1 0 1F2    0 0 0 0 1A1   20A2 86        21A1  1     333332453637 7 1 7   205.0  215.0
 61 4385.079973 3.134E-25 1.902E-03.04800.067  815.13150.63-.008700    0 2 0 1 1F2    0 0 0 0 1A1   12F2123        12F1  3     134332333638 7 1 7    75.0   75.0
 61 4385.087643 8.445E-24 6.036E-03.05500.077  157.13710.72-.008700    0 2 0 1 1F2    0 0 0 0 1A1    6E  34         5E   1     334332453638 7 1 7    26.0   22.0
 61 4385.090494 2.222E-24 1.059E-03.06200.077  157.13880.72-.008700    0 2 0 1 1F2    0 0 0 0 1A1    6F2 52         5F1  2     334332453638 7 1 7    39.0   33.0
 61 4385.092143 3.533E-26 9.593E-03.03800.060 1594.36690.61-.008700    1 0 0 1 1F2    0 0 0 0 1A1   18E  66        17E   3     134332453638 7 1 7    74.0   70.0
 61 4385.102233 2.482E-25 5.099E-04.05300.070  575.16990.64-.008700    0 2 0 1 1F2    0 0 0 0 1A1   11F1 81        10F2  2     134332453638 7 1 7    69.0   63.0
 61 4385.105094 1.964E-23 9.357E-03.06200.077  157.12420.72-.008700    0 2 0 1 1F2    0 0 0 0 1A1    6F2 52         5F1  1     334332453638 7 1 7    39.0   33.0
 61 4385.114657 1.963E-24 2.940E-03.05600.073  470.80510.65-.008700    0 2 0 1 1F2    0 0 0 0 1A1    9F2 94         9F1  2     334332453638 7 1 7    57.0   57.0
 61 4385.119326 4.955E-28 1.016E-05.04700.065 1096.17090.62-.008700    1 1 0 0 1E     0 0 0 0 1A1   14F1138        14F2  4     134332453638 7 1 7    87.0   87.0
 61 4385.124147 1.256E-26 5.337E-03.04500.059 1780.72900.60-.008700    1 0 0 1 1F2    0 0 0 0 1A1   19F1103        18F2  5     134332453638 7 1 7   117.0  111.0
 61 4385.124686 3.089E-26 9.500E-04.03900.065 1096.15690.62-.008700    1 1 0 0 1E     0 0 0 0 1A1   14E  94        14E   3     134332453638 7 1 7    58.0   58.0
 61 4385.125057 2.174E-28 5.940E-04.04600.058 2183.68460.59-.008700    0 2 0 1 1F2    0 0 0 0 1A1   21F2103        20F1  5     133332453637 7 1 7   129.0  123.0
 61 4385.127587 2.298E-27 6.566E-03.04600.058 2183.09350.59-.008700    0 2 0 1 1F1    0 0 0 0 1A1   20F1193        20F2  4     133332453637 7 1 7   123.0  123.0
 61 4385.140551 3.548E-27 5.590E-03.03800.058 1977.19730.60-.008700    1 0 0 1 1F2    0 0 0 0 1A1   20E  69        19E   3     134332453638 7 1 7    82.0   78.0
 61 4385.142822 2.751E-26 8.376E-03.03800.060 1594.36690.61-.008700    0 1 1 0 1F2    0 0 0 0 1A1   16E 137        17E   3     334332453638 7 1 7    66.0   70.0
 61 4385.147215 3.442E-25 6.918E-02.04600.060 1592.35890.61-.008700    0 1 1 0 1F2    0 0 0 0 1A1   16F2206        17F1  1     334332453638 7 1 7    99.0  105.0
 61 4385.150631 1.549E-24 1.562E-02.04700.065  950.13640.62-.008700    0 0 1 1 1F1    0 0 0 0 1A1   14F2 88        13F1  2     234332333638 7 1 7    87.0   81.0
 61 4385.172668 5.803E-26 3.257E-04.04800.067  814.88430.63-.008700    0 1 0 2 1F2    0 0 0 0 1A1   13F2 85        12F1  2     234332333638 7 1 7    81.0   75.0
 61 4385.185419 3.765E-25 2.168E-02.03800.063 1251.77970.62-.008700    0 2 0 1 1F2    0 0 0 0 1A1   16E  65        15E   2     134332453638 7 1 7    66.0   62.0
 61 4385.191043 1.694E-25 3.433E-02.04600.060 1594.02590.61-.008700    0 1 1 0 1F2    0 0 0 0 1A1   16F2207        17F1  4     334332453638 7 1 7    99.0  105.0
 61 4385.192898 5.460E-25 1.801E-02.03900.065 1095.89470.62-.008700    0 1 1 0 1F1    0 0 0 0 1A1   13E 102        14E   2     334332453638 7 1 7    54.0   58.0
 61 4385.194560 5.384E-28 1.543E-03.04600.058 2183.68460.59-.008700    0 2 0 1 1F1    0 0 0 0 1A1   20F2194        20F1  5     133332453637 7 1 7   123.0  123.0
 61 4385.199479 7.826E-27 3.009E-04.04600.063 1252.04610.62-.008700    0 1 0 2 1F1    0 0 0 0 1A1   16F1 97        15F2  4     134332453638 7 1 7    99.0   93.0
 61 4385.202957 5.365E-26 8.031E-05.05600.073  470.71680.65-.008700    0 2 0 1 1F2    0 0 0 0 1A1    9F2 94         9F1  1     334332453638 7 1 7    57.0   57.0
 61 4385.214678 1.974E-27 2.073E-03.04400.058 1977.17920.60-.008700    1 0 0 1 1F2    0 0 0 0 1A1   20F1102        19F2  5     134332453638 7 1 7   123.0  117.0
 61 4385.217436 8.290E-25 1.823E-02.04700.065 1095.86910.62-.008700    0 1 1 0 1F1    0 0 0 0 1A1   13F2152        14F1  2     334332453638 7 1 7    81.0   87.0
 61 4385.219653 2.458E-25 5.047E-04.05300.070  575.05250.64-.008700    0 2 0 1 1F2    0 0 0 0 1A1   11F1 81        10F2  1     134332453638 7 1 7    69.0   63.0
 61 4385.235455 1.432E-26 1.740E-03.03800.061 1417.49930.61-.008700    0 0 0 3 1F1    0 0 0 0 1A1   17E  64        16E   2     134332453638 7 1 7    70.0   66.0
 61 4385.236723 1.512E-24 2.287E-02.03900.065  950.12930.62-.008700    0 0 1 1 1F1    0 0 0 0 1A1   14E  59        13E   1     234332333638 7 1 7    58.0   54.0
 61 4385.237595 2.895E-26 1.820E-02.04500.058 1976.71770.60-.008700    1 0 0 1 1F2    0 0 0 0 1A1   20A1 35        19A2  2     134332453638 7 1 7   205.0  195.0
 61 4385.249174 1.885E-26 5.131E-02.04600.058 2182.91460.59-.008700    1 0 0 1 1F2    0 0 0 0 1A1   21F2102        20F1  4     133332453637 7 1 7   129.0  123.0
 61 4385.255619 1.493E-24 1.970E-02.04800.065 1095.82860.62-.008700    0 1 1 0 1F1    0 0 0 0 1A1   13A2 53        14A1  1     434332453638 7 1 7   135.0  145.0
 61 4385.267935 2.202E-26 9.358E-03.04500.059 1780.74740.60-.008700    1 0 0 1 1F2    0 0 0 0 1A1   19F2 99        18F1  4     134332333638 7 1 7   117.0  111.0
 61 4385.271508 1.645E-25 1.662E-03.04700.065  950.48720.62-.008700    0 0 1 1 1F1    0 0 0 0 1A1   14F1 88        13F2  3     134332333638 7 1 7    87.0   81.0
 61 4385.280058 6.453E-26 5.919E-03.04600.061 1418.09890.61-.008700    0 1 1 0 1F1    0 0 0 0 1A1   15F2185        16F1  4     334332453638 7 1 7    93.0   99.0
 61 4385.280575 1.424E-26 4.274E-02.04600.058 2182.91460.59-.008700    0 1 1 0 1F2    0 0 0 0 1A1   19F2245        20F1  4     333332453637 7 1 7   117.0  123.0
 61 4385.305957 1.272E-27 5.677E-04.04500.059 1779.98440.60-.008700    1 1 0 0 1E     0 0 0 0 1A1   18F1174        18F2  3     134332453638 7 1 7   111.0  111.0
 61 4385.308863 4.509E-25 9.238E-03.04700.065 1095.98130.62-.008700    1 1 0 0 1E     0 0 0 0 1A1   14F1138        14F2  3     134332453638 7 1 7    87.0   87.0
 61 4385.320044 1.066E-23 4.654E-03.06500.078  104.77460.72-.008700    0 2 0 1 1F2    0 0 0 0 1A1    5F2 44         4F1  1     334332453638 7 1 7    33.0   27.0
 61 4385.322988 5.017E-28 4.076E-05.04600.061 1418.09890.61-.008700    0 0 0 3 1F1    0 0 0 0 1A1   17F2 97        16F1  4     134332453638 7 1 7   105.0   99.0
 61 4385.327160 2.140E-24 1.297E-02.04800.067  814.88430.63-.008700    0 2 0 1 1F2    0 0 0 0 1A1   12F2123        12F1  2     134332333638 7 1 7    75.0   75.0
 61 4385.328940 9.298E-28 9.741E-04.04400.058 1976.65030.60-.008700    0 0 0 3 1F2    0 0 0 0 1A1   20F1100        19F2  4     134332453638 7 1 7   123.0  117.0
 61 4385.336187 1.751E-26 3.170E-03.04500.060 1594.34470.61-.008700    1 0 0 1 1F2    0 0 0 0 1A1   18F1 97        17F2  4     134332453638 7 1 7   111.0  105.0
 61 4385.346359 3.094E-26 1.383E-02.04500.059 1780.31200.60-.008700    0 2 0 1 1F2    0 0 0 0 1A1   18F1175        18F2  4     134332453638 7 1 7   111.0  111.0
 61 4385.346732 1.997E-27 8.919E-04.04500.059 1780.12230.60-.008700    1 1 0 0 1E     0 0 0 0 1A1   18F2178        18F1  3     134332453638 7 1 7   111.0  111.0
 61 4385.351115 2.105E-28 1.700E-03.04500.057 2396.79370.58-.008700    0 1 1 0 1F2    0 0 0 0 1A1   20F2262        21F1  2     333332453637 7 1 7   123.0  129.0
 61 4385.357015 3.738E-29 1.626E-06.04700.063 1250.83700.62-.008700    0 1 1 0 1F2    0 0 0 0 1A1   14F1168        15F2  1     334332453638 7 1 7    87.0   93.0
 61 4385.358971 8.074E-26 2.058E-02.04600.059 1780.70700.60-.008700    1 0 0 1 1F2    0 0 0 0 1A1   19A1 34        18A2  2     134332453638 7 1 7   195.0  185.0
 61 4385.375272 2.560E-28 1.113E-05.04700.063 1250.83610.62-.008700    0 1 1 0 1F2    0 0 0 0 1A1   14F2169        15F1  1     334332453638 7 1 7    87.0   93.0
 61 4385.377767 8.310E-25 3.189E-02.04600.063 1251.64660.62-.008700    0 2 0 1 1F2    0 0 0 0 1A1   16F1 96        15F2  3     134332453638 7 1 7    99.0   93.0
 61 4385.379104 3.742E-27 1.584E-03.04500.059 1779.98440.60-.008700    1 0 0 1 1F2    0 0 0 0 1A1   19F1102        18F2  3     134332453638 7 1 7   117.0  111.0
 61 4385.386923 1.728E-27 5.309E-05.06400.065 1095.89470.62-.008700    1 1 0 0 1E     0 0 0 0 1A1   14E  94        14E   2     134332453627 7 1 7    58.0   58.0
 61 4385.387871 3.636E-24 2.502E-03.06400.077  157.12780.72-.008700    0 0 1 1 1E     0 0 0 0 1A1    4F1 49         5F2  1     334332453627 7 1 7    27.0   33.0
 61 4385.392600 4.827E-22 2.705E-01.06400.080  219.94110.69-.005710    1 0 0 1 1F2    0 0 0 0 1A1    7F2 55         6F1  1     466333453627 1 1 1    45.0   39.0
 61 4385.421926 3.596E-25 3.630E-03.04700.065  950.33680.62-.008700    0 0 1 1 1F1    0 0 0 0 1A1   14F1 88        13F2  2     134332333638 7 1 7    87.0   81.0
 61 4385.445520 1.449E-25 4.788E-04.04800.068  690.04920.64-.008700    0 1 0 2 1F1    0 0 0 0 1A1   12F2 84        11F1  3     134332453638 7 1 7    75.0   69.0
 61 4385.445539 1.179E-26 1.187E-04.04700.065  949.84140.62-.008700    0 0 1 1 1F1    0 0 0 0 1A1   14F2 88        13F1  1     234332333638 7 1 7    87.0   81.0
 61 4385.454636 5.960E-27 1.309E-04.04700.065 1095.63200.62-.008700    0 1 1 0 1F1    0 0 0 0 1A1   13F2152        14F1  1     334332453638 7 1 7    81.0   87.0
 61 4385.468113 4.701E-26 3.152E-02.03800.059 1780.26920.60-.008700    0 2 0 1 1F2    0 0 0 0 1A1   18E 118        18E   3     134332453638 7 1 7    74.0   74.0
 61 4385.480883 1.240E-26 1.303E-02.04400.058 1977.21470.60-.008700    1 0 0 1 1F2    0 0 0 0 1A1   20F2103        19F1  5     134332453638 7 1 7   123.0  117.0
 61 4385.512922 1.916E-27 1.500E-02.04500.057 2400.21700.58-.008700    0 2 0 1 1F1    0 0 0 0 1A1   21F1204        21F2  5     133332453637 7 1 7   129.0  129.0
 61 4385.530936 6.339E-26 1.718E-02.03800.060 1593.92810.61-.008700    1 0 0 1 1F2    0 0 0 0 1A1   18E  66        17E   2     134332453638 7 1 7    74.0   70.0
 61 4385.538062 1.303E-26 4.304E-05.04800.068  689.95670.64-.008700    0 1 0 2 1F1    0 0 0 0 1A1   12F2 84        11F1  2     134332453638 7 1 7    75.0   69.0
 61 4385.541146 2.992E-26 1.269E-02.04500.059 1780.31200.60-.008700    1 0 0 1 1F2    0 0 0 0 1A1   19F1103        18F2  4     134332453638 7 1 7   117.0  111.0
 61 4385.546184 1.818E-28 1.896E-04.04400.058 1975.72490.60-.008700    1 0 0 1 1F2    0 0 0 0 1A1   20F2101        19F1  2     134332453638 7 1 7   123.0  117.0
 61 4385.552837 1.109E-23 3.551E-03.06000.078  104.77280.72-.008700    0 2 0 1 1F1    0 0 0 0 1A1    4A2 15         4A1  1     334332453638 7 1 7    45.0   45.0
 61 4385.563586 6.353E-24 3.847E-02.04800.067  814.64790.63-.008700    0 2 0 1 1F2    0 0 0 0 1A1   12F2123        12F1  1     134332333638 7 1 7    75.0   75.0
 61 4385.565282 3.865E-26 6.308E-02.04600.058 2182.71390.59-.008700    1 0 0 1 1F2    0 0 0 0 1A1   21A2 35        20A1  2     133332453637 7 1 7   215.0  205.0
 61 4385.571858 1.066E-25 9.766E-03.04600.061 1417.80710.61-.008700    0 1 1 0 1F1    0 0 0 0 1A1   15F2185        16F1  3     334332453638 7 1 7    93.0   99.0
 61 4385.581622 2.362E-25 7.177E-02.03800.060 1593.92810.61-.008700    0 1 1 0 1F2    0 0 0 0 1A1   16E 137        17E   2     334332453638 7 1 7    66.0   70.0
 61 4385.599102 1.459E-24 5.599E-02.04600.063 1251.64660.62-.008700    0 1 0 2 1F1    0 0 0 0 1A1   16F1 97        15F2  3     134332453638 7 1 7    99.0   93.0
 61 4385.604961 4.573E-28 4.791E-04.04400.058 1976.65030.60-.008700    1 0 0 1 1F2    0 0 0 0 1A1   20F1101        19F2  4     134332453638 7 1 7   123.0  117.0
 61 4385.609593 4.676E-26 6.387E-03.03800.061 1416.55430.61-.008700    0 1 1 0 1F1    0 0 0 0 1A1   15E 124        16E   1     334332453638 7 1 7    62.0   66.0
 61 4385.614748 3.615E-26 2.933E-03.04600.061 1417.80710.61-.008700    0 0 0 3 1F1    0 0 0 0 1A1   17F2 97        16F1  3     134332453638 7 1 7   105.0   99.0
 61 4385.617697 1.362E-26 8.565E-03.04500.058 1976.71770.60-.008700    1 0 0 1 1F2    0 0 0 0 1A1   20A1 36        19A2  2     134332453638 7 1 7   205.0  195.0
 61 4385.620276 1.907E-24 2.308E-01.04700.060 1593.05600.61-.008700    0 1 1 0 1F2    0 0 0 0 1A1   16A2 68        17A1  1     334332453638 7 1 7   165.0  175.0
 61 4385.626783 1.918E-26 1.760E-03.04600.061 1418.13710.61-.008700    0 1 1 0 1F1    0 0 0 0 1A1   15F1189        16F2  4     234332333638 7 1 7    93.0   99.0
 61 4385.628679 6.444E-26 1.222E-02.04600.060 1592.35890.61-.008700    0 2 0 1 1F2    0 0 0 0 1A1   17F2167        17F1  1     134332453638 7 1 7   105.0  105.0
 61 4385.636089 3.143E-27 5.357E-03.04600.058 2181.85060.59-.008700    0 2 0 1 1F1    0 0 0 0 1A1   20A1 66        20A2  1     133332333637 7 1 7   205.0  205.0
 61 4385.640364 1.456E-24 2.986E-02.04700.065 1096.13290.62-.008700    0 2 0 1 1F2    0 0 0 0 1A1   14F2141        14F1  3     134332453638 7 1 7    87.0   87.0
 61 4385.653021 1.770E-26 1.624E-03.04600.061 1418.09890.61-.008700    0 1 1 0 1F1    0 0 0 0 1A1   15F2186        16F1  4     234332333638 7 1 7    93.0   99.0
 61 4385.657476 6.757E-25 3.883E-02.03800.063 1251.30760.62-.008700    0 2 0 1 1F2    0 0 0 0 1A1   16E  65        15E   1     134332453638 7 1 7    66.0   62.0
 61 4385.665271 2.213E-26 2.444E-02.04500.058 1977.17920.60-.008700    0 2 0 1 1F2    0 0 0 0 1A1   19F1187        19F2  5     134332453638 7 1 7   117.0  117.0
 61 4385.671051 3.270E-26 6.689E-04.04700.065 1095.61910.62-.008700    1 1 0 0 1E     0 0 0 0 1A1   14F1138        14F2  2     134332453638 7 1 7    87.0   87.0
 61 4385.677705 8.516E-26 1.172E-02.03800.061 1418.11850.61-.008700    0 1 1 0 1F1    0 0 0 0 1A1   15E 125        16E   3     234332333638 7 1 7    62.0   66.0
 61 4385.680642 8.264E-27 2.245E-02.04600.058 2182.48320.59-.008700    1 0 0 1 1F2    0 0 0 0 1A1   21F2102        20F1  3     133332453637 7 1 7   129.0  123.0
 61 4385.693943 9.794E-26 1.980E-02.04600.060 1593.52290.61-.008700    0 1 1 0 1F2    0 0 0 0 1A1   16F2207        17F1  3     334332453638 7 1 7    99.0  105.0
 61 4385.709688 2.642E-24 2.147E-01.04600.061 1418.13710.61-.008700    0 0 1 1 1F1    0 0 0 0 1A1   17F1 98        16F2  4     134332333638 7 1 7   105.0   99.0
 61 4385.711871 1.193E-27 4.874E-03.04600.058 2182.99000.59-.008700    0 1 0 2 1F1    0 0 0 0 1A1   21E  68        20E   3     133332453637 7 1 7    86.0   82.0
 61 4385.711975 1.911E-27 5.725E-03.04600.058 2182.48320.59-.008700    0 1 1 0 1F2    0 0 0 0 1A1   19F2245        20F1  3     333332453637 7 1 7   117.0  123.0
 61 4385.717504 1.818E-24 6.007E-03.04800.068  690.01740.64-.008700    0 1 0 2 1F1    0 0 0 0 1A1   12F1 81        11F2  3     334332453638 7 1 7    75.0   69.0
 61 4385.722543 1.067E-26 4.088E-04.04600.063 1251.30180.62-.008700    0 2 0 1 1F2    0 0 0 0 1A1   16F1 96        15F2  2     134332453638 7 1 7    99.0   93.0
 61 4385.743583 3.290E-27 3.447E-03.04400.058 1976.65030.60-.008700    1 0 0 1 1F2    0 0 0 0 1A1   20F1102        19F2  4     134332453638 7 1 7   123.0  117.0
 61 4385.748978 3.166E-27 6.427E-04.04600.060 1594.34470.61-.008700    0 1 1 0 1F2    0 0 0 0 1A1   16F1204        17F2  4     334332453638 7 1 7    99.0  105.0
 61 4385.752864 1.116E-26 1.164E-02.04400.058 1975.75900.60-.008700    1 0 0 1 1F2    0 0 0 0 1A1   20F1 99        19F2  3     134332453638 7 1 7   123.0  117.0
 61 4385.757235 1.044E-28 4.241E-04.04600.058 2181.80760.59-.008700    1 0 0 1 1F2    0 0 0 0 1A1   21E  67        20E   2     133332453637 7 1 7    86.0   82.0
 61 4385.762707 1.391E-27 3.778E-03.04600.058 2182.40010.59-.008700    1 0 0 1 1F2    0 0 0 0 1A1   21F1103        20F2  3     133332453637 7 1 7   129.0  123.0
 61 4385.780828 1.451E-25 5.547E-03.04600.063 1250.83610.62-.008700    0 0 1 1 1F1    0 0 0 0 1A1   16F2 99        15F1  1     134332453638 7 1 7    99.0   93.0
 61 4385.789529 2.094E-27 6.909E-06.04800.068  689.70520.64-.008700    0 1 0 2 1F1    0 0 0 0 1A1   12F2 84        11F1  1     134332453638 7 1 7    75.0   69.0
 61 4385.795339 1.475E-24 1.798E-01.03800.061 1418.11850.61-.008700    0 0 1 1 1F1    0 0 0 0 1A1   17E  65        16E   3     134332333638 7 1 7    70.0   66.0
 61 4385.802542 1.017E-25 1.837E-02.04500.060 1593.87830.61-.008700    1 0 0 1 1F2    0 0 0 0 1A1   18F1 97        17F2  3     134332453638 7 1 7   111.0  105.0
 61 4385.808713 8.903E-26 1.826E-03.04700.065 1096.17090.62-.008700    0 2 0 1 1F2    0 0 0 0 1A1   14F1139        14F2  4     134332453638 7 1 7    87.0   87.0
 61 4385.810946 1.369E-24 9.425E-04.06500.077  157.13880.72-.008700    0 0 1 1 1E     0 0 0 0 1A1    4F2 51         5F1  2     434332453638 7 1 7    27.0   33.0
 61 4385.815156 2.656E-25 2.878E-02.04600.060 1593.78440.61-.008700    1 0 0 1 1F2    0 0 0 0 1A1   18A1 34        17A2  1     134332453638 7 1 7   185.0  175.0
 61 4385.820892 8.517E-27 2.426E-02.04600.058 2182.40010.59-.008700    0 2 0 1 1F1    0 0 0 0 1A1   20F1193        20F2  3     133332453637 7 1 7   123.0  123.0
 61 4385.825546 1.725E-24 1.187E-03.06500.077  157.12420.72-.008700    0 0 1 1 1E     0 0 0 0 1A1    4F2 51         5F1  1     434332453638 7 1 7    27.0   33.0
 61 4385.834714 9.681E-27 4.361E-02.04600.058 2182.99000.59-.008700    0 1 1 0 1F2    0 0 0 0 1A1   19E 165        20E   3     133332333637 7 1 7    78.0   82.0
 61 4385.836298 4.526E-29 1.489E-06.03900.065 1095.25120.62-.008700    0 1 1 0 1F1    0 0 0 0 1A1   13E 102        14E   1     334332453638 7 1 7    54.0   58.0
 61 4385.837973 3.128E-27 1.394E-03.04500.059 1779.63110.60-.008700    1 1 0 0 1E     0 0 0 0 1A1   18F2178        18F1  2     134332453638 7 1 7   111.0  111.0
 61 4385.858204 3.053E-27 1.008E-05.04800.068  689.87670.64-.008700    0 1 0 2 1F1    0 0 0 0 1A1   12F1 81        11F2  2     334332453638 7 1 7    75.0   69.0
 61 4385.863430 2.625E-24 2.133E-01.04600.061 1418.09890.61-.008700    0 0 1 1 1F1    0 0 0 0 1A1   17F2 98        16F1  4     134332333638 7 1 7   105.0   99.0
 61 4385.874921 7.862E-26 1.490E-02.04600.060 1592.35940.61-.008700    0 2 0 1 1F2    0 0 0 0 1A1   17F1168        17F2  1     134332453638 7 1 7   105.0  105.0
 61 4385.904151 1.303E-25 2.669E-03.04700.065 1095.86910.62-.008700    0 2 0 1 1F2    0 0 0 0 1A1   14F2141        14F1  2     134332453638 7 1 7    87.0   87.0
 61 4385.915802 8.975E-26 9.040E-04.04700.065  949.84290.62-.008700    0 0 1 1 1F1    0 0 0 0 1A1   14F1 88        13F2  1     134332333638 7 1 7    87.0   81.0
 61 4385.940767 2.477E-23 2.503E-01.04700.065  950.52220.62-.008700    0 0 1 1 1F1    0 0 0 0 1A1   14F2 89        13F1  4     334332453638 7 1 7    87.0   81.0
 61 4385.941124 5.577E-27 9.143E-03.03800.058 1975.01460.60-.008700    0 2 0 1 1F1    0 0 0 0 1A1   19E 123        19E   1     134332333638 7 1 7    78.0   78.0
 61 4385.943877 6.048E-25 2.317E-02.04600.063 1251.30180.62-.008700    0 1 0 2 1F1    0 0 0 0 1A1   16F1 97        15F2  2     134332453638 7 1 7    99.0   93.0
 61 4385.944780 4.588E-26 4.204E-03.04600.061 1417.80710.61-.008700    0 1 1 0 1F1    0 0 0 0 1A1   15F2186        16F1  3     234332333638 7 1 7    93.0   99.0
 61 4385.964507 1.571E-26 4.487E-02.04600.058 2182.91460.59-.008700    0 2 0 1 1F1    0 0 0 0 1A1   20F2194        20F1  4     133332453637 7 1 7   123.0  123.0
 61 4385.992829 3.689E-24 1.969E-03.06500.078  104.77460.72-.008700    0 2 0 1 1F1    0 0 0 0 1A1    4F2 46         4F1  1     334332453638 7 1 7    27.0   27.0
 61 4385.998250 1.762E-24 3.611E-02.04700.065 1095.98130.62-.008700    0 2 0 1 1F2    0 0 0 0 1A1   14F1139        14F2  3     134332453638 7 1 7    87.0   87.0
